3.141606 865.970351
3.141610 862.575773
3.141584 865.860762
3.141591 865.866494
3.141596 865.884498
3.141610 862.561118
3.141561 862.552043
3.141548 865.872007
3.141618 862.585455
3.141581 862.548622
3.141624 862.549751
3.141585 862.552253
3.141602 862.527893
3.141577 862.561084
3.141565 862.544868
3.141585 862.553893
3.141562 862.520622
3.141613 864.612264
3.141567 862.524732
3.141640 862.534286
3.141619 862.549810
3.141618 862.520159
3.141538 862.547888
3.141581 862.832659
3.141610 862.554131
3.141574 862.520919
3.141609 865.903489
3.141600 865.905028
3.141613 862.584653
3.141561 864.434099
3.141578 865.881300
3.141611 862.516853
3.141604 864.682983
3.141590 865.917876
3.141575 862.638439
3.141585 862.524877
3.141581 865.988926
3.141561 862.673812
3.141640 865.902896
3.141584 862.557994
3.141590 862.614520
3.141625 865.880062
3.141621 865.871734
3.141618 865.892414
3.141604 865.896568
3.141623 862.530700
3.141602 865.958153
3.141573 862.531966
3.141608 865.953329
3.141625 865.896033
