3.141583 143.020927
3.141588 175.914363
3.141576 181.223336
3.141623 182.508546
3.141617 183.385789
3.141598 183.893056
3.141545 183.397364
3.141632 184.875780
3.141611 185.127378
3.141632 183.403138
3.141606 184.163548
3.141617 183.497061
3.141610 183.491865
3.141601 183.847901
3.141598 185.194715
3.141610 185.979372
3.141550 185.773912
3.141593 184.920776
3.141560 183.890049
3.141569 183.684031
3.141630 183.453905
3.141587 183.179646
3.141550 185.414956
3.141592 187.056164
3.141652 186.541018
3.141611 185.197702
3.141593 184.216573
3.141585 184.397240
3.141586 183.885750
3.141584 183.105152
3.141581 183.591377
3.141621 183.847213
3.141556 183.528714
3.141600 183.861644
3.141619 184.538937
3.141554 186.137280
3.141613 185.987608
3.141572 186.389302
3.141610 183.728351
3.141590 183.983919
3.141598 183.779316
3.141577 184.411150
3.141596 184.499250
3.141606 184.890441
3.141567 185.818493
3.141599 186.361368
3.141606 185.478979
3.141610 184.202687
3.141546 184.669985
