3.141607 77.029118
3.141592 90.200022
3.141623 91.733403
3.141586 94.474199
3.141633 94.988786
3.141589 96.263910
3.141584 96.442404
3.141585 96.886481
3.141576 97.236480
3.141598 98.268202
3.141548 97.881999
3.141563 98.301463
3.141565 98.132131
3.141558 98.674118
3.141615 98.750627
3.141570 98.655994
3.141582 98.498451
3.141609 98.607774
3.141552 98.350993
3.141601 98.245082
3.141613 98.270846
3.141624 98.300303
3.141606 98.026671
3.141555 98.652629
3.141600 98.566099
3.141595 99.584823
3.141595 99.604976
3.141609 99.679345
3.141619 99.961174
3.141578 100.999605
3.141585 100.871607
3.141547 100.751085
3.141574 101.202593
3.141609 101.586910
3.141559 101.734561
3.141623 100.917437
3.141605 101.431479
3.141585 101.676073
3.141583 101.845727
3.141603 101.891351
3.141582 101.560097
3.141607 101.717224
