3.141576 216.424515
3.141621 216.520409
3.141591 216.494492
3.141598 216.012519
3.141613 216.698336
3.141587 216.631226
3.141600 216.525802
3.141636 216.635788
3.141525 216.654957
3.141589 215.964364
3.141588 216.469178
3.141579 216.470366
3.141564 216.599247
3.141583 216.578660
3.141582 216.408034
3.141606 215.965458
3.141571 216.614522
3.141642 215.903165
3.141621 216.468441
3.141621 216.419218
3.141576 216.423959
3.141602 216.425282
3.141575 216.464113
3.141594 216.417189
3.141631 216.623368
3.141557 215.769139
3.141574 216.462056
3.141579 216.031838
3.141602 216.473313
3.141640 216.429220
3.141554 216.414024
3.141569 216.012972
3.141611 216.701317
3.141543 216.420879
3.141588 216.415756
3.141531 216.019715
3.141630 216.418933
3.141569 215.974230
3.141624 216.468839
3.141612 216.013818
3.141616 215.973721
3.141591 215.966527
3.141640 216.817820
3.141581 216.416113
3.141626 215.966759
3.141586 216.018623
3.141556 216.414609
3.141567 216.419896
3.141561 215.686987
3.141596 215.971808
